{
  "advancedEditorSelectedIdentifier" : "BehaviorsPluginID",
  "openSceneRelativePaths" : [
    "Scene.usda"
  ],
  "recentIdentifiers" : {
    "26DBAE76-5DD8-47B6-A085-1B4ADA111097" : [

    ]
  },
  "sceneCameraHistory" : {
    "26DBAE76-5DD8-47B6-A085-1B4ADA111097" : [
      {
        "date" : 748903203.634866,
        "title" : "Untitled",
        "transform" : [
          -0.14007637,
          3.1542893e-09,
          -0.9901407,
          0,
          -0.8222823,
          0.55706304,
          0.116329275,
          0,
          0.55157065,
          0.83047026,
          -0.07803165,
          0,
          1.0282035,
          1.5223422,
          -0.11335605,
          1
        ]
      },
      {
        "date" : 748903201.060352,
        "title" : "Untitled",
        "transform" : [
          -0.14007637,
          3.1542893e-09,
          -0.9901407,
          0,
          -0.8222823,
          0.55706304,
          0.116329275,
          0,
          0.55157065,
          0.83047026,
          -0.07803165,
          0,
          1.0003316,
          1.4803771,
          -0.10941297,
          1
        ]
      },
      {
        "date" : 748903199.163129,
        "title" : "Untitled",
        "transform" : [
          -0.14007637,
          3.1542893e-09,
          -0.9901407,
          0,
          -0.8222822,
          0.557063,
          0.11632926,
          0,
          0.55157065,
          0.83047026,
          -0.07803165,
          0,
          0.9469341,
          1.5112865,
          -0.15789783,
          1
        ]
      },
      {
        "date" : 748903183.883198,
        "title" : "Untitled",
        "transform" : [
          -0.5015932,
          2.8975635e-09,
          -0.8651036,
          0,
          -0.6221716,
          0.69481605,
          0.36073953,
          0,
          0.6010877,
          0.71918756,
          -0.34851524,
          0,
          1.0359659,
          1.3183042,
          -0.6280536,
          1
        ]
      },
      {
        "date" : 748903128.613033,
        "title" : "Untitled",
        "transform" : [
          -0.30306435,
          2.9026936e-09,
          -0.9529701,
          0,
          -0.6382352,
          0.74260217,
          0.20297214,
          0,
          0.70767754,
          0.66973287,
          -0.22505654,
          0,
          1.2307138,
          1.231939,
          -0.41626006,
          1
        ]
      },
      {
        "date" : 748903120.089132,
        "title" : "Untitled",
        "transform" : [
          -0.18545544,
          5.51114e-09,
          -0.98265266,
          0,
          -0.55884457,
          0.82253796,
          0.10547043,
          0,
          0.8082691,
          0.56871027,
          -0.15254444,
          0,
          1.4170916,
          1.0547253,
          -0.29156303,
          1
        ]
      },
      {
        "date" : 748903059.392363,
        "title" : "Untitled",
        "transform" : [
          -0.23507692,
          4.205536e-09,
          -0.97197676,
          0,
          -0.68328285,
          0.7112069,
          0.16525504,
          0,
          0.6912765,
          0.70298284,
          -0.16718861,
          0,
          1.0053322,
          1.0911065,
          -0.26752517,
          1
        ]
      },
      {
        "date" : 748811832.53837,
        "title" : "Untitled",
        "transform" : [
          -0.22884305,
          4.205536e-09,
          -0.97346336,
          0,
          -0.6843279,
          0.7112069,
          0.16087273,
          0,
          0.69233376,
          0.70298284,
          -0.16275503,
          0,
          0.26251164,
          0.2844298,
          -0.06805755,
          1
        ]
      },
      {
        "date" : 748808456.359671,
        "title" : "Untitled",
        "transform" : [
          -0.22804086,
          4.205536e-09,
          -0.9736516,
          0,
          -0.6844603,
          0.711207,
          0.16030882,
          0,
          0.69246763,
          0.70298284,
          -0.1621845,
          0,
          0.26098922,
          0.28282925,
          -0.06745746,
          1
        ]
      },
      {
        "date" : 748808339.521722,
        "title" : "Untitled",
        "transform" : [
          -0.6125733,
          3.2430023e-09,
          -0.79041374,
          0,
          -0.5973943,
          0.65480316,
          0.46298265,
          0,
          0.5175652,
          0.7557996,
          -0.40111515,
          0,
          0.1913398,
          0.30279383,
          -0.15608726,
          1
        ]
      }
    ]
  },
  "sceneViewportBackgroundColors" : {

  }
}