{
  "advancedEditorSelectedIdentifier" : "ProjectBrowser",
  "openSceneRelativePaths" : [
    "Scene.usda"
  ],
  "recentIdentifiers" : {

  },
  "sceneCameraHistory" : {
    "8D38AA4C-B453-46DA-83CA-AE20275CB706" : [
      {
        "date" : 749203905.555918,
        "title" : "Untitled",
        "transform" : [
          0.9200699,
          2.145298e-08,
          0.3917544,
          0,
          0.24498752,
          0.7803364,
          -0.57537496,
          0,
          -0.30570015,
          0.62536,
          0.71796393,
          0,
          -15.185874,
          44.8372,
          41.791443,
          1
        ]
      },
      {
        "date" : 749203902.639096,
        "title" : "Untitled",
        "transform" : [
          0.75408757,
          2.0737085e-08,
          0.6567739,
          0,
          0.4517018,
          0.7259397,
          -0.5186301,
          0,
          -0.47677818,
          0.6877583,
          0.54742205,
          0,
          -26.058289,
          48.206955,
          35.189724,
          1
        ]
      },
      {
        "date" : 749203869.085929,
        "title" : "Untitled",
        "transform" : [
          0.75408757,
          2.0737085e-08,
          0.6567739,
          0,
          0.4517018,
          0.7259397,
          -0.5186301,
          0,
          -0.47677818,
          0.6877583,
          0.54742205,
          0,
          -30.080524,
          44.841946,
          35.914204,
          1
        ]
      },
      {
        "date" : 749203865.633982,
        "title" : "Untitled",
        "transform" : [
          0.8596222,
          2.138717e-08,
          0.51093,
          0,
          0.41109207,
          0.5938233,
          -0.69164824,
          0,
          -0.30340216,
          0.8045954,
          0.5104637,
          0,
          -22.584845,
          49.569855,
          33.755493,
          1
        ]
      },
      {
        "date" : 749203853.43776,
        "title" : "Untitled",
        "transform" : [
          0.80623835,
          2.734769e-08,
          0.5915907,
          0,
          0.12247202,
          0.97833645,
          -0.16690865,
          0,
          -0.57877475,
          0.20702146,
          0.78877234,
          0,
          -31.960161,
          22.005884,
          38.415436,
          1
        ]
      },
      {
        "date" : 749203848.407264,
        "title" : "Untitled",
        "transform" : [
          0.99993515,
          5.950396e-11,
          0.011380926,
          0,
          0.009266562,
          0.5805583,
          -0.8141659,
          0,
          -0.0066072913,
          0.8142186,
          0.5805207,
          0,
          -15.802218,
          57.6295,
          38.11473,
          1
        ]
      },
      {
        "date" : 749203835.670826,
        "title" : "Untitled",
        "transform" : [
          0.99999994,
          0,
          -0,
          0,
          -0,
          0.8660254,
          -0.49999994,
          0,
          0,
          0.49999994,
          0.8660254,
          0,
          0,
          0.24131358,
          0.4179674,
          1
        ]
      }
    ]
  }
}